1 230.82
2 0
3 0
4 2.03
5 2.78
6 6.58
7 7.84
8 12.19
9 16.62
10 18.81
11 32.04
12 30.98
13 39.76
14 43.32
15 44.2
16 53.99
17 68
18 71.01
19 83.04
20 102.82
21 97.44
22 99.9
23 118.56
24 135.34
25 140.4
26 168.65
27 163.02
28 204.63
29 185.22
30 210.85
31 201.1
32 240.21
33 238.96
34 253.16
35 306.1
36 300.77
37 351.66
38 344.81
39 351.28
40 435.96
41 415.8
42 431.66
43 381
44 441.2
45 470.18
46 525.06
47 527.04
48 544.88
49 489.6
50 621.64
51 660.18
52 619.51
53 831.94
54 583.2
55 814.44
56 728.66
57 717.8
58 829.93
59 979.54
60 818.98
61 933.9
62 989.47
63 960.1
64 857.86
65 875.1
66 1078.25
67 1256.46
68 1159.56
69 1165.74
70 1025.86
71 1203.86
72 1366.26
73 1317.54
74 1306.87
75 1395.22
76 1291.54
77 1531.32
78 1353.4
79 1520.26
80 1459.56
81 1502.02
82 1631.63
83 1826
84 1964.61
85 1965
86 1601.23
87 1718.22
88 1677.37
89 1882.68
90 2071.79
91 1963.7
92 2183.06
93 2485.26
94 2339.36
95 2498.26
96 2388.4
97 2304.74
98 2347.69
99 2113.56
100 2096.17
101 2922.36
102 2667.97
103 2679.14
104 2404.47
105 2406.64
106 2907.82
107 2652.9
108 3088.15
109 2840
110 2672.1
111 3395.84
112 3024.33
113 3168.26
114 3232.53
115 3544.98
116 3042.18
117 3030.54
118 3390.62
119 3039.34
120 3799.66
121 3563.46
122 3688.85
123 3371.6
124 4141.47
125 3898.44
126 4066.07
127 4323.92
128 4185.04
129 3730.6
130 4295.05
131 4240.2
132 4649.72
133 4316.74
134 4314.36
135 4754.68
136 4354.34
137 3964.16
138 4876.3
139 4436.54
140 5073.7
141 5778.08
142 6158.77
143 4468.28
144 5433.21
145 6194.3
146 5921.08
147 5987
148 5202.79
149 5782.32
150 5645.96
151 5172.4
152 6125.3
153 6177.1
154 5148.4
155 5494.2
156 5544.63
157 6331.44
158 6381.2
159 5443.68
160 5693.48
161 6109.96
162 6937.12
163 7084.6
164 6967.91
165 7050.5
166 7335.39
167 7963.64
168 6720.1
169 6867.86
170 6872.9
171 6519.62
172 8264.41
173 6906.34
174 7672.27
175 7484.06
176 8099.26
177 8173.34
178 8546.87
179 7264.24
180 7075.52
181 8805.54
182 7959.35
183 7352.46
184 8119.62
185 9286.6
186 8198.47
187 8140.52
188 8983.29
189 8761.94
190 8395.07
191 10064.4
192 9312.1
193 10291.2
194 9467.33
195 8570.9
196 10663.6
197 10295.9
198 10816.1
199 8850.68
200 10019.1
201 10769.1
202 10563.5
203 10218.5
204 10117.6
205 10024.6
206 11383.5
207 10971.3
208 10145.4
209 11138.8
210 10674
211 11159.5
212 12409.1
213 12624.8
214 11025.6
215 10617.4
216 12596.4
217 10660.1
218 12543.6
219 11625.6
220 12677.5
221 13063.8
222 11591.1
223 11351.3
224 11791.9
225 12652.3
226 13918.2
227 11957.5
228 13656.2
229 12316.5
230 13942.7
231 11527.5
232 13092.7
233 16627.6
234 14331.4
235 14486.1
236 13172.6
237 12619.8
238 13630.2
239 13184.9
240 12529
241 12428.2
242 14300.1
243 13651.1
244 14057
245 13743.6
246 15241.7
247 13864.9
248 13462.1
249 16214.5
250 15913.5
251 15207.8
252 16281.8
253 14202.4
254 16816.9
255 14798.9
256 14937.4
257 18398.3
258 14679.4
259 16386.7
260 17013.4
261 18484.9
262 16544.3
263 15791.2
264 18334.5
265 15896
266 15276.7
267 18208.9
268 16166.4
269 18875.2
270 17346.9
271 20764.3
272 19570.8
273 20065.3
274 21030.8
275 20197.1
276 19072.9
277 19803.2
278 20149.8
279 17007.3
280 19998
281 16664.4
282 17758.6
283 20199.3
284 20868.7
285 20661.7
286 18494.1
287 20716.5
288 20376.7
289 22468.6
290 18844.2
291 23456
292 18936.6
293 21024.5
294 20205.7
295 22067
296 23575.3
297 22359.3
298 20071.2
299 21187.7
300 21168.5
301 22909.8
302 23144.3
303 22866.5
304 27261.8
305 25509.3
306 20033.9
307 25954.5
308 24531.8
309 27096.5
310 23441.7
311 25178.5
312 23479.4
313 22963.4
314 26306.8
315 25270.2
316 25077.2
317 25273.4
318 24217.5
319 23686.5
320 26890.5
321 23577.7
322 25165.5
323 24156.3
324 23386.3
325 27775.3
326 23717
327 27622.5
328 26609.7
329 26156.1
330 24003.9
331 27135.9
332 28960.3
333 28132.8
334 25736.6
335 28877.1
336 31500
337 28692
338 32162.6
339 31672.5
340 30450
341 28258.2
342 24672.8
343 27864.8
344 31729.7
345 28464.4
346 28766.5
347 29636.9
348 30299.8
349 33275
350 27524.3
351 32196.9
352 32805.9
353 28409.7
354 30320
355 30828.2
356 30865.2
357 34271.9
358 36137.6
359 33435.4
360 35190.9
361 26245.4
362 37543.5
363 31948.4
364 35032.4
365 32549.1
366 34725.9
367 35682.2
368 31437.7
369 35067.8
370 34169.4
371 34788.5
372 30958.7
373 33740.3
374 41659.8
375 37996.6
376 33658.7
377 34852.1
378 36198.2
379 33951.9
380 39708.8
381 34590.4
382 35724.2
383 37134.8
384 33913.5
385 37033.6
386 39639
387 41126
388 37560.9
389 38776.2
390 40686.4
391 37990
392 36397.7
393 39501.9
394 45309.5
395 39343.6
396 34158
397 41991.2
398 40906.8
399 39839.4
400 42512.3
401 38933.9
402 37207.9
403 44381.1
404 37191.8
405 40897.8
406 39860.8
407 44017.8
408 40294.7
409 41337.2
410 39543.9
411 37893.5
412 45395.9
413 40463.9
414 42752.7
415 36730.5
416 44910.8
417 41628.2
418 45430.6
419 46300.4
420 42816.8
421 44597.8
422 46866.5
423 42803.2
424 43384.7
425 43920.5
426 51570.9
427 37646
428 43841.7
429 41893.2
430 47929.1
431 51843.8
432 45124
433 43015.5
434 54362.1
435 45721.5
436 45050.6
437 52174.2
438 47902.9
439 49571.9
440 41161.9
441 50925.6
442 43363.9
443 45475.9
444 48026.8
445 47616.9
446 48077.5
447 51592
448 49912.9
449 49550.4
450 53434.9
451 50449.8
452 55820.1
453 58636
454 46106.8
455 40783.2
456 52974.9
457 55414.7
458 50394.7
459 58066.8
460 49621.2
461 50633.7
462 56115.7
463 55113.7
464 53560.7
465 58885.6
466 50782.6
467 53625.5
468 51671.6
469 55249.4
470 55249.7
471 55033.2
472 48563.6
473 55372.8
474 61771.2
475 64544.2
476 55482.5
477 56299.1
478 55444.9
479 48175.5
480 57910.2
481 63667
482 53369.4
483 51372.6
484 64204.8
485 60155.6
486 52702.9
487 62366.3
488 64694.3
489 69022.3
490 54990.5
491 61214.9
492 58616.9
493 61881.3
494 59075.8
495 60372.6
496 62354.2
497 59378.6
498 66767.5
499 55188
500 61171.6
501 62920.7
502 74441.8
503 62544.9
504 62786.2
505 75844.2
506 72543.7
507 58482.8
508 67280.7
509 51360.4
510 55662.5
511 65938
512 64202.6
513 71181.4
514 59403.4
515 64768.2
516 62347.9
517 69650.8
518 70150.5
519 69313
520 67111.3
521 64210.9
522 62186.1
523 72088
524 66304.2
525 67297.8
526 74319.1
527 71943.9
528 68083.8
529 71823
530 67554
531 82863.4
532 80372.4
533 69932.5
534 61512.9
535 67244.1
536 69471.2
537 67858.1
538 66287.9
539 79305.2
540 74895
541 83143.6
542 79183.8
543 71647
544 71797.5
545 74082.7
546 72078
547 77167.3
548 71177.7
549 76165.1
550 76225.2
551 76747
552 79143
553 82165.7
554 74045.4
555 76070.9
556 70292.6
557 82528
558 72955.6
559 82208
560 81556.3
561 77400.8
562 86429.2
563 88886.7
564 66989.1
565 75618.8
566 80811.5
567 75922.2
568 76335.9
569 78046.8
570 81327.2
571 85699.9
572 71634.1
573 79569.7
574 97438.2
575 82990.5
576 77036.1
577 78959.9
578 75751
579 85646.9
580 82240.5
581 71345.1
582 81134.7
583 81525.7
584 80851.4
585 90776.2
586 90908.5
587 78197.9
588 84922.4
589 85450.8
590 90822.6
591 88650.4
592 77990
593 85460.1
594 92280
595 83540.5
596 90311.7
597 82877
598 92208.8
599 93937.7
600 95176.2
601 99483.6
602 99332.3
603 86473
604 88591.3
605 90842.1
606 87265.3
607 82522.9
608 93840.8
609 95897
610 85817
611 100320
612 82208.5
613 96351.7
614 82874.6
615 74420
616 96133.1
617 89972.2
618 90580.9
619 85345.9
620 84137.8
621 87918.3
622 96663.3
623 95372.6
624 89781.9
625 108829
626 87140.1
627 98686.4
628 92855.5
629 99229.3
630 101369
631 85504.6
632 94062.5
633 95404.4
634 88387.6
635 101101
636 106385
637 109701
638 109607
639 102926
640 96581.8
641 112726
642 98714.4
643 117453
644 107328
645 95936.8
646 112723
647 100414
648 110841
649 95076.5
650 106692
651 109584
652 102177
653 123467
654 98140.8
655 121799
656 85202.5
657 106850
658 106062
659 104752
660 111506
661 95391.4
662 111129
663 102541
664 101974
665 113061
666 106621
667 107045
668 119193
669 106024
670 98197.9
671 104957
672 96750.1
673 120246
674 121730
675 106298
676 111542
677 106856
678 96252.8
679 106279
680 144496
681 109394
682 117272
683 117692
684 135546
685 110285
686 128031
687 112596
688 129872
689 115712
690 112427
691 120069
692 127305
693 113098
694 133992
695 119863
696 110987
697 96278.7
698 156352
699 130572
700 124581
701 115618
702 142827
703 117181
704 105997
705 105405
706 109742
707 120184
708 129572
709 127589
710 106877
711 109685
712 120725
713 134878
714 112978
715 119058
716 132360
717 138444
718 132393
719 122457
720 126292
721 152464
722 132537
723 134151
724 133896
725 135192
726 137854
727 131059
728 116468
729 121742
730 125490
731 127670
732 139762
733 146575
734 134283
735 140010
736 142949
737 118486
738 141647
739 135207
740 135358
741 158940
742 128061
743 147066
744 162722
745 136513
746 128020
747 158766
748 154889
749 150155
750 136911
751 139742
752 175946
753 134152
754 129149
755 127297
756 142845
757 131108
758 136500
759 145896
760 144166
761 137754
762 146484
763 125342
764 138498
765 140650
766 153934
767 163382
768 135933
769 131514
770 161049
771 148728
772 156447
773 158161
774 117901
775 170886
776 161185
777 141050
778 176400
779 136890
780 170617
781 149195
782 166443
783 151597
784 161616
785 133677
786 169464
787 155884
788 156733
789 160707
790 160944
791 164808
792 140082
793 144659
794 180680
795 153560
796 150341
797 157866
798 170972
799 149999
800 185143
801 157593
802 152842
803 140753
804 166390
805 149859
806 163643
807 158975
808 154558
809 184242
810 150534
811 168012
812 175175
813 154640
814 187655
815 164466
816 150064
817 179821
818 187395
819 151816
820 150115
821 199939
822 181694
823 157155
824 176295
825 155209
826 170665
827 149152
828 174120
829 157856
830 170400
831 176686
832 188999
833 161925
834 156660
835 177923
836 170227
837 156500
838 177740
839 165826
840 182159
841 197034
842 170654
843 184650
844 217480
845 205523
846 173261
847 200312
848 183363
849 184256
850 182375
851 172435
852 201664
853 196302
854 183670
855 174092
856 174483
857 174205
858 182478
859 180240
860 162256
861 197223
862 195322
863 172297
864 190043
865 182411
866 175977
867 176755
868 196994
869 156231
870 194385
871 184996
872 193168
873 178609
874 205121
875 170305
876 163162
877 208565
878 193864
879 200838
880 201101
881 211673
882 204258
883 203241
884 190941
885 203226
886 222543
887 180310
888 217296
889 212266
890 195689
891 218387
892 189257
893 230974
894 204827
895 183868
896 205088
897 192229
898 218433
899 198983
900 188484
901 215331
902 186583
903 204621
904 209486
905 190431
906 209443
907 188273
908 224393
909 199593
910 199870
911 196723
912 204464
913 193505
914 199766
915 194684
916 193835
917 209312
918 204611
919 185761
920 223624
921 199980
922 205290
923 218706
