1 0
2 0
3 0
4 2.73
5 3.56
6 8.47
7 10.5
8 16.26
9 19.47
10 27.51
11 31.71
12 44.2
13 42.89
14 53.71
15 52.96
16 69.1
17 73.69
18 84.26
19 99.03
20 107.78
21 117.91
22 127.85
23 134.69
24 139.24
25 168.96
26 174.63
27 194.41
28 239.5
29 261.96
30 230.68
31 277.28
32 262.71
33 281.53
34 318.76
35 317.1
36 347.86
37 375.79
38 413.82
39 465.27
40 486.46
41 428.85
42 549.18
43 507.37
44 539.43
45 604.06
46 627.82
47 552.22
48 741.82
49 665.17
50 738.87
51 774.52
52 780.65
53 715.58
54 888.83
55 889.55
56 976.97
57 911.35
58 933.75
59 916.95
60 1057.67
61 977.94
62 1149.75
63 1132.31
64 1119.92
65 1253.73
66 1082.63
67 1354.93
68 1214.78
69 1383.98
70 1384.25
71 1390.6
72 1528.69
73 1519.25
74 1517.38
75 1448.2
76 1812.79
77 1665.23
78 1677.1
79 1949.4
80 2025.18
81 1841.14
82 2100.58
83 1962.85
84 2135.88
85 2042.73
86 2357.18
87 2438.76
88 2231.81
89 2389.83
90 2497.09
91 2358.8
92 2170.67
93 2347.53
94 2330.48
95 2534.56
96 2427.84
97 2465.09
98 2593.02
99 2700.06
100 2627.85
101 3172.81
102 3193.84
103 3224.74
104 3467.02
105 2996.31
106 3469.93
107 3180.81
108 3297.56
109 3725.53
110 4196.68
111 3833.4
112 4039.61
113 4258.49
114 3879.54
115 3916.22
116 4223.35
117 4490.06
118 3677.7
119 4129.53
120 3889.3
121 4120.88
122 4153.53
123 4274.64
124 4596.71
125 4493.65
126 5097.93
127 4714.56
128 5265.72
129 4560.08
130 5240.2
131 5043.07
132 5272.95
133 4666.1
134 5160.96
135 5318.8
136 5195.11
137 5477.21
138 5555.56
139 5921.53
140 5394.31
141 6066.2
142 6466.42
143 5529.39
144 6183.22
145 6179.92
146 6142.9
147 6834.44
148 7041.37
149 6420.8
150 6158.19
151 6306.15
152 7106.68
153 6520.37
154 7803.35
155 6300.27
156 7619.16
157 6401.09
158 7326.25
159 6527.99
160 7135.6
161 6642.78
162 8926.88
163 7592.33
164 8020.97
165 7733.39
166 7534.15
167 7755.59
168 8245.72
169 8755.54
170 7812.97
171 8044.33
172 8680.17
173 8431.89
174 9517.19
175 9131.79
176 9025.69
177 8986.79
178 8419.41
179 9526.17
180 8983.48
181 9655.69
182 9552.24
183 10829.7
184 9543.77
185 11094.2
186 8743.83
187 9823.72
188 10651.7
189 9092.4
190 10799.6
191 10833.3
192 10576.6
193 10057.7
194 11361
195 10091.6
196 11196.2
197 10297.6
198 10682.1
199 10830.5
200 11326.9
201 10442.2
202 11589.5
203 12293.1
204 12168.7
205 11878.3
206 12019
207 13251.1
208 13308.2
209 13007.5
210 13580.3
211 13311.6
212 11994.3
213 12909.3
214 13357.8
215 12868.8
216 12789.7
217 12698.8
218 13379.2
219 16669.7
220 15154.5
221 13529.7
222 16485.7
223 15577.3
224 15301.3
225 13740.4
226 15145.2
227 13994.9
228 16115.9
229 16070.3
230 16190.2
231 15916.8
232 16935.2
233 16333
234 15510
235 17970.8
236 19272.5
237 18072.1
238 17259.5
239 14725.1
240 15688.1
241 18404.4
242 17509.4
243 16879.5
244 18313.6
245 18165.7
246 19212.4
247 16551.3
248 16999.3
249 19179.6
250 18988.2
251 21081.9
252 17252.6
253 18770.5
254 18181.4
255 18254.7
256 20080.2
257 17515.8
258 19585.8
259 19938.1
260 19736.2
261 21296.2
262 21577.6
263 20660.7
264 20083.6
265 18828.7
266 21866.9
267 21289.1
268 20489.6
269 19699.2
270 20920.3
271 18507.7
272 21448.2
273 19194.7
274 21266.7
275 20767.1
276 22980.6
277 23162.3
278 23823
279 23679
280 26813.1
281 22134
282 24816.1
283 21762.5
284 23762.4
285 25117.2
286 22404.4
287 23662.1
288 24896.9
289 23997.8
290 26182.8
291 23937.5
292 26900.9
293 25371.4
294 26347.9
295 25840.4
296 24727.8
297 25584.8
298 29001.4
299 30254.8
300 25163.4
301 31186.7
302 26095.2
303 28918.1
304 26202.9
305 27877.7
306 28407.1
307 27010.3
308 27883.4
309 31121.7
310 26696.9
311 28839.5
312 30368.8
313 28249.7
314 28332.8
315 26097.5
316 30262.5
317 28212.8
318 30667.3
319 31937.1
320 33365.6
321 31496.7
322 31170.4
323 29421.7
324 30163.6
325 30420.6
326 33010.5
327 26940.4
328 32164
329 30883.1
330 29557.4
331 29659.4
332 35568.1
333 30739.2
334 32131.4
335 32991.7
336 34485.5
337 30919.9
338 32036.1
339 34509.3
340 33958.8
341 30628.4
342 32971.6
343 35771.2
344 32820.1
345 36689.7
346 34867.5
347 30338
348 30774.5
349 35371.4
350 35715.7
351 35940.4
352 33047
353 34688
354 33845.6
355 38497.2
356 36145.2
357 43151.8
358 38181.3
359 36135.7
360 38588.1
361 34619.3
362 38303
363 38002.4
364 38662.8
365 39974.7
366 43190.4
367 42895.8
368 37415.5
369 37061.5
370 38344
371 41713.6
372 42650.2
373 40654.3
374 41813.9
375 40920.7
376 39070.3
377 45096.1
378 41072
379 46882.5
380 43598
381 45658.2
382 43460
383 44905.2
384 41886
385 38988.1
386 43505.1
387 40841.1
388 41395.4
389 47622
390 47794.8
391 46407.4
392 45654.1
393 49157.3
394 42876.6
395 49040.3
396 45316.2
397 41223.4
398 53813.5
399 45710.5
400 48441.6
401 47285
402 44429.1
403 49524.7
404 52453.7
405 56387.4
406 45971.4
407 50629.7
408 50388.8
409 50707.7
410 50015.3
411 50173.3
412 48718.6
413 56014.9
414 46408.3
415 51901.8
416 46913.3
417 51348.8
418 47359.3
419 43154.8
420 57095.6
421 50116.1
422 45002.2
423 51733.2
424 50660.9
425 49100.3
426 61467.7
427 50221.1
428 50205.5
429 44941.8
430 52646.9
431 56050
432 54196.7
433 50619.6
434 49016.1
435 55060.4
436 52494.2
437 49750.2
438 57624.2
439 63838.2
440 53980.1
441 55284.6
442 58164.6
443 54841.2
444 60154.6
445 58545.6
446 61040.8
447 57436.4
448 62716.4
449 58704.3
450 61405.8
451 63217
452 57496.5
453 55293
454 51491.6
455 55366.4
456 55199.6
457 69983.6
458 62281.1
459 60122.8
460 59982.9
461 57870.3
462 60814.3
463 61903.1
464 57537.9
465 56079.1
466 56860.8
467 71691
468 62438.9
469 58854.7
470 63651.2
471 61648.2
472 59043.6
473 65496.1
474 66737
475 64981.4
476 61875
477 65890.7
478 63954.4
479 71392
480 68275.2
481 72429.2
482 60505.4
483 75743.6
484 67741
485 60618.9
486 66056.7
487 59379.8
488 63880.3
489 67522.2
490 63549.8
491 69159.8
492 69552.1
493 71746.2
494 74414
495 70300
496 70497.8
497 73638.2
498 76494.1
499 74691
500 75180.8
501 71283.4
502 78168.7
503 78659.8
504 84155.1
505 73830.9
506 73179.5
507 71674.9
508 76654.3
509 83435.5
510 75143.1
511 80852.5
512 79515.9
513 79926.2
514 85255.6
515 82737.7
516 70741.1
517 77066.6
518 76613.7
519 79837.2
520 73552.4
521 77042.8
522 77090.4
523 79677.5
524 73966.7
525 80770.2
526 82353.1
527 79095.3
528 69707.7
529 82079.9
530 91070.7
531 85238.1
532 85267.9
533 87319.3
534 91398.4
535 78372.7
536 82405.7
537 87664.3
538 82452.3
539 88046.3
540 89559.3
541 97199
542 82238.2
543 93433.2
544 83686.9
545 77801.2
546 75700.7
547 82802
548 88261.6
549 100025
550 84374.2
551 82427.1
552 96704.8
553 86380.6
554 93164.4
555 89861.4
556 91452.8
557 88847.3
558 84006.6
559 86331.8
560 107464
561 81311.4
562 89825.8
563 103733
564 95465
565 109829
566 98728.6
567 97410.1
568 91918.4
569 89261.5
570 93283.6
571 94367.2
572 92352.6
573 100166
574 102323
575 101009
576 113030
577 101899
578 96620.3
579 100753
580 93725.6
581 98440.8
582 97665.1
583 95183.2
584 107422
585 102844
586 107902
587 97246.3
588 103999
589 101234
590 108525
591 106748
592 94547.3
593 97809
594 99460.1
595 104213
596 98641.6
597 95075.8
598 108712
599 92300.2
600 112208
601 110048
602 104338
603 111556
604 107625
605 101995
606 102580
607 107310
608 96659.5
609 113753
610 104763
611 118679
612 113723
613 102128
614 118995
615 111706
616 108168
617 116171
618 101797
619 112326
620 124573
621 127154
622 110529
623 112143
624 115642
625 109055
626 118770
627 116950
628 128409
629 115628
630 113975
631 123982
632 107850
633 109240
634 111017
635 134427
636 111993
637 110352
638 121405
639 126737
640 115273
641 118269
642 115904
643 126605
644 144905
645 120323
646 109112
647 131732
648 106461
649 124373
650 124457
651 120266
652 125468
653 110701
654 129046
655 111305
656 144607
657 130667
658 129692
659 135335
660 122020
661 133400
662 116995
663 122628
664 139273
665 136709
666 142627
667 142319
668 136980
669 143228
670 133902
671 120975
672 130401
673 129457
674 132130
675 133683
676 134024
677 135795
678 130923
679 119340
680 132424
681 150463
682 137850
683 128369
684 131239
685 134051
686 127554
687 134608
688 139835
689 125680
690 150102
691 144480
692 150778
693 162531
694 131276
695 134815
696 144037
697 160325
698 139957
699 140431
700 139981
701 140018
702 144444
703 134810
704 142245
705 146305
706 140163
707 145148
708 161903
709 159465
710 152598
711 152143
712 142009
713 141711
714 141931
715 159759
716 149268
717 151579
718 169245
719 151477
720 150334
721 161103
722 158200
723 161176
724 155860
725 151387
726 149152
727 146345
728 154584
729 166150
730 170160
731 147972
732 178827
733 173850
734 147781
735 164563
736 161193
737 171698
738 160466
739 169004
740 153538
741 138738
742 166630
743 156756
744 155138
745 155098
746 182613
747 160475
748 178185
749 161140
750 177809
751 182731
752 179024
753 166522
754 183369
755 173291
756 167995
757 162310
758 160119
759 168144
760 174636
761 174128
762 177798
763 160589
764 184472
765 199026
766 181194
767 151699
768 167107
769 202655
770 168573
771 152997
772 169763
773 173766
774 188604
775 180315
776 170271
777 158434
778 180679
779 173042
780 188797
781 174559
782 187339
783 188903
784 169118
785 186376
786 179700
787 183967
788 166849
789 165376
790 180885
791 205465
792 193828
793 191017
794 196757
795 166704
796 192923
797 197576
798 195826
799 194217
800 198579
801 177523
802 193810
803 196029
804 168361
805 202040
806 191063
807 212110
808 177690
809 185550
810 205041
811 189466
812 171331
813 218425
814 178571
815 211420
816 220094
817 206411
818 200156
819 203151
820 236661
821 194192
822 205882
823 201382
824 177980
825 202013
826 208455
827 187892
828 242552
829 206400
830 195479
831 206933
832 207278
833 222725
834 174068
835 204643
836 186195
837 226025
838 193646
839 178498
840 199260
841 205917
842 208045
843 217674
844 204896
845 202394
846 208170
847 197174
848 204592
849 248019
850 188441
851 218348
852 200526
853 214142
854 227052
855 201079
856 200249
857 234434
858 215574
859 206201
860 219651
861 211390
862 213370
863 208597
864 218156
865 243860
866 225914
867 236091
868 237581
869 207179
870 215412
871 217799
872 248248
873 249796
874 225461
875 219830
876 211628
877 215655
878 228880
879 237358
880 248279
881 240075
882 209327
883 240533
884 219411
885 227434
886 201166
887 212988
888 234487
889 232705
890 209459
891 217601
892 224000
893 216374
894 237773
895 230660
896 240671
897 223947
898 231330
899 216070
900 266941
901 237536
902 234493
903 215209
904 263199
905 234771
906 247803
907 238279
908 260078
909 221047
910 238634
911 242304
912 264388
913 243764
914 245134
915 229664
916 228367
917 203097
918 264897
919 239504
920 242477
921 285990
922 252989
923 226273
924 239362
925 265397
926 263956
927 239496
928 260099
929 247240
930 268772
931 234311
932 252187
933 273295
934 258502
935 239467
936 240491
937 279167
938 243119
939 247602
940 247329
941 264161
942 256142
943 260365
944 245048
945 231016
946 254724
947 269148
948 269988
949 273703
950 269402
951 275203
952 272049
953 258345
954 257450
955 307713
956 293000
957 281806
958 238185
959 283703
960 301513
961 280981
962 262118
963 310741
964 274916
965 272976
966 253182
967 247118
968 280147
969 250712
970 249052
971 278491
972 270330
973 263857
974 280726
975 263719
976 254713
977 259681
978 312945
979 303780
980 257425
981 297237
982 271787
983 290616
984 234229
985 282560
986 308040
987 289794
988 299149
989 312507
990 320150
991 297991
992 279414
993 302829
994 275587
995 305077
996 250329
997 302316
998 287665
999 303398
1000 294991
