1 44
2 80
3 105
4 126
5 141
6 154
7 163
8 168
9 173
10 175
11 179
12 180
13 181
14 182
15 182
16 182
17 179
18 178
19 177
20 176
21 174
22 172
23 171
24 168
25 167
26 165
27 162
28 160
29 158
30 156
31 153
32 151
33 149
34 147
35 145
36 142
37 139
38 137
39 135
40 133
41 130
42 128
43 127
44 123
45 122
46 120
47 118
48 115
49 113
50 112
51 110
52 108
53 106
54 104
55 102
56 100
57 98
58 97
59 94
60 93
61 91
62 90
63 87
64 86
65 84
66 82
67 81
68 79
69 78
70 77
71 75
72 73
73 72
74 71
75 69
76 68
77 67
78 65
79 64
80 63
81 62
82 60
83 59
84 58
85 57
86 56
87 55
88 53
89 53
90 52
91 51
92 50
93 49
94 48
95 47
96 46
97 45
98 44
99 44
100 43
101 42
102 41
103 40
104 40
105 39
106 38
107 37
108 37
109 36
110 36
111 35
112 35
113 34
114 33
115 33
116 32
117 32
118 31
119 31
120 30
121 29
122 29
123 28
124 28
125 28
126 27
127 26
128 26
129 26
130 25
131 25
132 24
133 24
134 23
135 23
136 22
137 22
138 21
139 21
140 21
141 21
142 20
143 20
144 20
145 19
146 19
147 19
148 19
149 18
150 18
151 18
152 18
153 18
154 17
155 17
156 17
157 17
158 17
159 17
160 16
161 16
162 16
163 16
164 16
165 15
166 15
167 15
168 15
169 15
170 14
171 14
172 14
173 14
174 14
175 14
176 14
177 13
178 13
179 13
180 13
181 13
182 12
183 12
184 12
185 12
186 12
187 12
188 11
189 11
190 11
191 11
192 11
193 11
194 10
195 10
196 10
197 10
198 10
199 10
200 10
201 9
202 9
203 9
204 9
205 9
206 9
207 9
208 8
209 8
210 8
211 8
212 8
213 8
214 8
215 7
216 7
217 7
218 7
219 7
220 7
221 7
222 6
223 6
224 6
225 6
226 6
227 6
228 6
229 6
230 6
231 5
232 5
233 5
234 5
235 5
236 5
237 5
238 5
239 5
240 4
241 4
242 4
243 4
244 4
245 4
246 4
247 4
248 4
249 4
250 3
251 3
252 3
253 3
254 3
255 3
256 3
257 3
258 3
259 3
260 3
261 3
262 2
263 2
264 2
265 2
266 2
267 2
268 2
269 2
270 2
271 2
272 2
273 2
274 2
275 2
276 1
277 1
278 1
279 1
280 1
281 1
282 1
283 1
284 1
285 1
286 1
287 1
288 1
289 1
290 1
291 1
292 1
293 1
294 1
295 1
296 1
297 1
298 0
299 0
300 0
301 0
302 0
303 0
304 0
305 0
306 0
307 0
308 0
309 0
310 0
311 0
312 0
313 0
314 0
315 0
316 0
317 0
318 0
319 0
320 0
321 0
322 0
323 0
324 0
325 0
326 0
327 0
328 0
329 0
330 0
331 0
332 0
333 0
334 0
335 0
336 0
337 0
338 0
339 0
340 0
341 0
342 0
343 0
344 0
345 0
346 0
347 0
348 0
349 0
350 0
351 0
352 0
353 0
354 0
355 0
356 0
357 0
358 0
359 0
360 0
361 0
362 0
363 0
364 0
365 0
366 0
367 0
368 0
369 0
370 0
371 0
372 0
373 0
374 0
375 0
376 0
377 0
378 0
379 0
380 0
381 0
382 0
383 0
384 0
385 0
386 0
387 0
388 0
389 0
390 0
391 0
392 0
393 0
394 0
395 0
396 0
397 0
398 0
399 0
400 0
